 Minima:            1
 Coord:   -1.1841568292681905      -0.47759691460606690        2.9899931763065495       0.24856920053046844      -0.20170746347734744       -8.2571338128061042E-002   4.5745715850920840E-002
 Energy:    14.575931693910059     

 Minima:            2
 Coord:  -0.62474498834644765       -2.2577318692772890       -2.1431521577717860       0.80310465912289042       -6.5320034439898214E-002   9.2708122811323481E-003  -1.0314786367262857E-002
 Energy:    15.036498860879151     

 Minima:            3
 Coord:   -3.4086718494422596       -3.0307293650350382       0.56094830379110117      -0.50608462568093848        4.3881761074938845E-002  -1.9828756722484724E-002  -6.8979561229136302E-002
 Energy:    13.295403871938618     

 Minima:            4
 Coord:    5.7660621122820492      -0.90718908636957640       0.30598365608398781      -0.25179975982016622       -8.0596022904727227E-002  0.20758855791637484        1.2822173114057603E-002
 Energy:    1.8275362808295328     

 Minima:            5
 Coord:    1.9233813075227553        3.0969763462178679       -1.2796100398189518      -0.23436220563890642      -0.22532492214935099      -0.11074408702624457       -4.4405677569905058E-002
 Energy:    15.831208154772627     

 Minima:            6
 Coord:   -2.4723255870218259        3.2324970261958015        1.1495165661074784       0.35230938884006990       0.18765371850426318       0.11431526021688669       -3.6889665961762595E-002
 Energy:    14.654988689249155     

 Minima:            7
 Coord:   -4.5945866715770549       0.71466314542735698       -1.6344058631221037      -0.39392265368081530        3.3307059108101771E-002   3.2946968827224678E-002   8.4137857765123697E-002
 Energy:    14.101979084687587     

